      UTCTime       X-ECEF       Y-ECEF       Z-ECEF       Longitude       Latitude    H-Ell     Roll    Pitch  Heading
        (HMS)          (m)          (m)          (m)           (deg)          (deg)      (m)    (deg)    (deg)    (deg)
11:04:55.0000  1263074.664 -3633005.512 -5070879.842  -70.8291442320 -53.0044851734   45.031  -0.9348  -1.6501 -98.4566
11:04:55.0050  1263074.664 -3633005.512 -5070879.842  -70.8291442320 -53.0044851734   45.031  -0.9348  -1.6502 -98.4565
11:04:55.0100  1263074.664 -3633005.512 -5070879.842  -70.8291442320 -53.0044851734   45.031  -0.9346  -1.6503 -98.4566
11:04:55.0150  1263074.664 -3633005.512 -5070879.842  -70.8291442320 -53.0044851734   45.031  -0.9345  -1.6506 -98.4567
11:04:55.0200  1263074.664 -3633005.512 -5070879.842  -70.8291442320 -53.0044851734   45.031  -0.9348  -1.6505 -98.4567
11:04:55.0250  1263074.664 -3633005.512 -5070879.842  -70.8291442320 -53.0044851734   45.031  -0.9350  -1.6505 -98.4566
11:04:55.0300  1263074.664 -3633005.512 -5070879.842  -70.8291442320 -53.0044851734   45.031  -0.9351  -1.6506 -98.4567
11:04:55.0350  1263074.664 -3633005.512 -5070879.842  -70.8291442320 -53.0044851734   45.031  -0.9350  -1.6506 -98.4567
11:04:55.0400  1263074.664 -3633005.512 -5070879.842  -70.8291442320 -53.0044851734   45.031  -0.9346  -1.6506 -98.4567
11:04:55.0450  1263074.664 -3633005.512 -5070879.842  -70.8291442320 -53.0044851734   45.031  -0.9345  -1.6507 -98.4566
11:04:55.0500  1263074.664 -3633005.512 -5070879.842  -70.8291442320 -53.0044851734   45.031  -0.9345  -1.6508 -98.4566
11:04:55.0550  1263074.664 -3633005.512 -5070879.842  -70.8291442320 -53.0044851734   45.031  -0.9343  -1.6508 -98.4565
11:04:55.0600  1263074.664 -3633005.512 -5070879.842  -70.8291442320 -53.0044851734   45.031  -0.9347  -1.6509 -98.4567
11:04:55.0650  1263074.664 -3633005.512 -5070879.842  -70.8291442320 -53.0044851734   45.031  -0.9342  -1.6510 -98.4566
11:04:55.0700  1263074.664 -3633005.512 -5070879.842  -70.8291442320 -53.0044851734   45.031  -0.9340  -1.6511 -98.4567
11:04:55.0750  1263074.664 -3633005.512 -5070879.842  -70.8291442320 -53.0044851734   45.031  -0.9337  -1.6514 -98.4565
11:04:55.0800  1263074.664 -3633005.512 -5070879.842  -70.8291442320 -53.0044851734   45.031  -0.9338  -1.6513 -98.4566
11:04:55.0850  1263074.664 -3633005.512 -5070879.842  -70.8291442320 -53.0044851734   45.031  -0.9340  -1.6515 -98.4565
11:04:55.0900  1263074.664 -3633005.512 -5070879.842  -70.8291442320 -53.0044851734   45.031  -0.9340  -1.6515 -98.4565
11:04:55.0950  1263074.664 -3633005.512 -5070879.842  -70.8291442320 -53.0044851734   45.031  -0.9341  -1.6515 -98.4563
11:04:55.1000  1263074.664 -3633005.512 -5070879.842  -70.8291442320 -53.0044851734   45.031  -0.9344  -1.6518 -98.4564
11:04:55.1050  1263074.664 -3633005.512 -5070879.842  -70.8291442320 -53.0044851734   45.031  -0.9343  -1.6519 -98.4565
11:04:55.1100  1263074.664 -3633005.512 -5070879.842  -70.8291442320 -53.0044851734   45.031  -0.9344  -1.6520 -98.4565
11:04:55.1150  1263074.664 -3633005.512 -5070879.842  -70.8291442320 -53.0044851734   45.031  -0.9342  -1.6522 -98.4565
11:04:55.1200  1263074.664 -3633005.512 -5070879.842  -70.8291442320 -53.0044851734   45.031  -0.9341  -1.6520 -98.4564
11:04:55.1250  1263074.664 -3633005.512 -5070879.842  -70.8291442320 -53.0044851734   45.031  -0.9341  -1.6521 -98.4565
11:04:55.1300  1263074.664 -3633005.512 -5070879.842  -70.8291442320 -53.0044851734   45.031  -0.9338  -1.6522 -98.4567
11:04:55.1350  1263074.664 -3633005.512 -5070879.842  -70.8291442320 -53.0044851734   45.031  -0.9343  -1.6520 -98.4567
11:04:55.1400  1263074.664 -3633005.512 -5070879.842  -70.8291442320 -53.0044851734   45.031  -0.9340  -1.6523 -98.4568
11:04:55.1450  1263074.664 -3633005.512 -5070879.842  -70.8291442320 -53.0044851734   45.031  -0.9339  -1.6524 -98.4569
11:04:55.1500  1263074.664 -3633005.512 -5070879.842  -70.8291442320 -53.0044851734   45.031  -0.9340  -1.6524 -98.4569
11:04:55.1550  1263074.664 -3633005.512 -5070879.842  -70.8291442320 -53.0044851734   45.031  -0.9339  -1.6525 -98.4570
11:04:55.1600  1263074.664 -3633005.512 -5070879.842  -70.8291442320 -53.0044851734   45.031  -0.9342  -1.6526 -98.4570
11:04:55.1650  1263074.664 -3633005.512 -5070879.842  -70.8291442320 -53.0044851734   45.031  -0.9339  -1.6529 -98.4571
11:04:55.1700  1263074.664 -3633005.512 -5070879.842  -70.8291442320 -53.0044851734   45.031  -0.9342  -1.6527 -98.4572
11:04:55.1750  1263074.664 -3633005.512 -5070879.842  -70.8291442320 -53.0044851734   45.031  -0.9341  -1.6529 -98.4572
11:04:55.1800  1263074.664 -3633005.512 -5070879.842  -70.8291442320 -53.0044851734   45.031  -0.9343  -1.6528 -98.4573
11:04:55.1850  1263074.664 -3633005.512 -5070879.842  -70.8291442320 -53.0044851734   45.031  -0.9340  -1.6531 -98.4575
11:04:55.1900  1263074.664 -3633005.512 -5070879.842  -70.8291442320 -53.0044851734   45.031  -0.9341  -1.6533 -98.4577
11:04:55.1950  1263074.664 -3633005.512 -5070879.842  -70.8291442319 -53.0044851734   45.031  -0.9341  -1.6536 -98.4580
11:04:55.2000  1263074.664 -3633005.512 -5070879.842  -70.8291442319 -53.0044851734   45.031  -0.9345  -1.6537 -98.4580
11:04:55.2050  1263074.664 -3633005.512 -5070879.842  -70.8291442319 -53.0044851734   45.031  -0.9341  -1.6536 -98.4581
11:04:55.2100  1263074.664 -3633005.512 -5070879.842  -70.8291442319 -53.0044851734   45.031  -0.9342  -1.6534 -98.4584
11:04:55.2150  1263074.664 -3633005.512 -5070879.842  -70.8291442319 -53.0044851734   45.031  -0.9343  -1.6537 -98.4583
11:04:55.2200  1263074.664 -3633005.512 -5070879.842  -70.8291442319 -53.0044851734   45.031  -0.9346  -1.6539 -98.4584
11:04:55.2250  1263074.664 -3633005.512 -5070879.842  -70.8291442319 -53.0044851734   45.031  -0.9349  -1.6539 -98.4585
